"subj"	"group"	"cb"	"age"	"gender"	"hand"	"trial"	"stimtype"	"stim1"	"stim2"	"rating"
601	2	2	21	"m"	"r"	1	14	10	0	599
601	2	2	21	"m"	"r"	2	9	5	6	1
601	2	2	21	"m"	"r"	3	10	7	0	1
601	2	2	21	"m"	"r"	4	15	11	12	1
601	2	2	21	"m"	"r"	5	11	8	0	1
601	2	2	21	"m"	"r"	6	2	2	0	599
601	2	2	21	"m"	"r"	7	21	12	0	118
601	2	2	21	"m"	"r"	8	24	16	0	58
601	2	2	21	"m"	"r"	9	16	13	0	2
601	2	2	21	"m"	"r"	10	19	9	10	43
601	2	2	21	"m"	"r"	11	12	7	8	2
601	2	2	21	"m"	"r"	12	8	6	0	599
601	2	2	21	"m"	"r"	13	3	1	2	1
601	2	2	21	"m"	"r"	14	6	3	4	599
601	2	2	21	"m"	"r"	15	22	13	14	419
601	2	2	21	"m"	"r"	16	7	5	0	597
601	2	2	21	"m"	"r"	17	13	9	0	599
601	2	2	21	"m"	"r"	18	23	15	0	119
601	2	2	21	"m"	"r"	19	20	11	0	417
601	2	2	21	"m"	"r"	20	5	4	0	50
601	2	2	21	"m"	"r"	21	1	1	0	599
601	2	2	21	"m"	"r"	22	4	3	0	2
601	2	2	21	"m"	"r"	23	17	14	0	426
601	2	2	21	"m"	"r"	24	18	15	16	599
602	3	1	19	"f"	"r"	1	24	16	0	120
602	3	1	19	"f"	"r"	2	1	1	0	480
602	3	1	19	"f"	"r"	3	17	14	0	63
602	3	1	19	"f"	"r"	4	4	3	0	63
602	3	1	19	"f"	"r"	5	16	13	0	61
602	3	1	19	"f"	"r"	6	21	12	0	120
602	3	1	19	"f"	"r"	7	20	11	0	125
602	3	1	19	"f"	"r"	8	22	13	14	69
602	3	1	19	"f"	"r"	9	2	2	0	478
602	3	1	19	"f"	"r"	10	8	6	0	477
602	3	1	19	"f"	"r"	11	18	15	16	299
602	3	1	19	"f"	"r"	12	10	7	0	243
602	3	1	19	"f"	"r"	13	15	11	12	303
602	3	1	19	"f"	"r"	14	19	9	10	241
602	3	1	19	"f"	"r"	15	9	5	6	297
602	3	1	19	"f"	"r"	16	12	7	8	182
602	3	1	19	"f"	"r"	17	6	3	4	186
602	3	1	19	"f"	"r"	18	3	1	2	186
602	3	1	19	"f"	"r"	19	23	15	0	244
602	3	1	19	"f"	"r"	20	11	8	0	243
602	3	1	19	"f"	"r"	21	14	10	0	359
602	3	1	19	"f"	"r"	22	7	5	0	359
602	3	1	19	"f"	"r"	23	5	4	0	242
602	3	1	19	"f"	"r"	24	13	9	0	476
603	3	2	18	"m"	"R"	1	21	12	0	300
603	3	2	18	"m"	"R"	2	20	11	0	298
603	3	2	18	"m"	"R"	3	10	7	0	1
603	3	2	18	"m"	"R"	4	9	5	6	1
603	3	2	18	"m"	"R"	5	24	16	0	1
603	3	2	18	"m"	"R"	6	4	3	0	3
603	3	2	18	"m"	"R"	7	12	7	8	597
603	3	2	18	"m"	"R"	8	19	9	10	1
603	3	2	18	"m"	"R"	9	6	3	4	598
603	3	2	18	"m"	"R"	10	11	8	0	7
603	3	2	18	"m"	"R"	11	2	2	0	597
603	3	2	18	"m"	"R"	12	17	14	0	8
603	3	2	18	"m"	"R"	13	8	6	0	599
603	3	2	18	"m"	"R"	14	22	13	14	597
603	3	2	18	"m"	"R"	15	18	15	16	596
603	3	2	18	"m"	"R"	16	14	10	0	302
603	3	2	18	"m"	"R"	17	15	11	12	6
603	3	2	18	"m"	"R"	18	7	5	0	479
603	3	2	18	"m"	"R"	19	1	1	0	599
603	3	2	18	"m"	"R"	20	5	4	0	1
603	3	2	18	"m"	"R"	21	23	15	0	2
603	3	2	18	"m"	"R"	22	3	1	2	2
603	3	2	18	"m"	"R"	23	13	9	0	599
603	3	2	18	"m"	"R"	24	16	13	0	1
605	2	2	19	"f"	"r"	1	15	11	12	2
605	2	2	19	"f"	"r"	2	8	6	0	539
605	2	2	19	"f"	"r"	3	5	4	0	2
605	2	2	19	"f"	"r"	4	13	9	0	538
605	2	2	19	"f"	"r"	5	22	13	14	363
605	2	2	19	"f"	"r"	6	6	3	4	597
605	2	2	19	"f"	"r"	7	17	14	0	58
605	2	2	19	"f"	"r"	8	11	8	0	10
605	2	2	19	"f"	"r"	9	12	7	8	597
605	2	2	19	"f"	"r"	10	23	15	0	301
605	2	2	19	"f"	"r"	11	10	7	0	4
605	2	2	19	"f"	"r"	12	1	1	0	422
605	2	2	19	"f"	"r"	13	3	1	2	1
605	2	2	19	"f"	"r"	14	20	11	0	300
605	2	2	19	"f"	"r"	15	9	5	6	61
605	2	2	19	"f"	"r"	16	24	16	0	299
605	2	2	19	"f"	"r"	17	4	3	0	9
605	2	2	19	"f"	"r"	18	21	12	0	299
605	2	2	19	"f"	"r"	19	16	13	0	4
605	2	2	19	"f"	"r"	20	2	2	0	598
605	2	2	19	"f"	"r"	21	14	10	0	592
605	2	2	19	"f"	"r"	22	7	5	0	481
605	2	2	19	"f"	"r"	23	18	15	16	593
605	2	2	19	"f"	"r"	24	19	9	10	118
607	3	2	22	"m"	"r"	1	17	14	0	63
607	3	2	22	"m"	"r"	2	9	5	6	449
607	3	2	22	"m"	"r"	3	14	10	0	598
607	3	2	22	"m"	"r"	4	12	7	8	14
607	3	2	22	"m"	"r"	5	23	15	0	599
607	3	2	22	"m"	"r"	6	3	1	2	596
607	3	2	22	"m"	"r"	7	8	6	0	240
607	3	2	22	"m"	"r"	8	7	5	0	537
607	3	2	22	"m"	"r"	9	18	15	16	597
607	3	2	22	"m"	"r"	10	20	11	0	63
607	3	2	22	"m"	"r"	11	5	4	0	19
607	3	2	22	"m"	"r"	12	10	7	0	5
607	3	2	22	"m"	"r"	13	6	3	4	364
607	3	2	22	"m"	"r"	14	16	13	0	10
607	3	2	22	"m"	"r"	15	4	3	0	45
607	3	2	22	"m"	"r"	16	2	2	0	552
607	3	2	22	"m"	"r"	17	11	8	0	31
607	3	2	22	"m"	"r"	18	21	12	0	60
607	3	2	22	"m"	"r"	19	19	9	10	491
607	3	2	22	"m"	"r"	20	22	13	14	26
607	3	2	22	"m"	"r"	21	13	9	0	560
607	3	2	22	"m"	"r"	22	1	1	0	544
607	3	2	22	"m"	"r"	23	24	16	0	541
607	3	2	22	"m"	"r"	24	15	11	12	434
608	2	1	18	"m"	"r"	1	21	12	0	300
608	2	1	18	"m"	"r"	2	24	16	0	300
608	2	1	18	"m"	"r"	3	8	6	0	599
608	2	1	18	"m"	"r"	4	3	1	2	1
608	2	1	18	"m"	"r"	5	9	5	6	1
608	2	1	18	"m"	"r"	6	7	5	0	597
608	2	1	18	"m"	"r"	7	2	2	0	599
608	2	1	18	"m"	"r"	8	23	15	0	301
608	2	1	18	"m"	"r"	9	19	9	10	301
608	2	1	18	"m"	"r"	10	16	13	0	1
608	2	1	18	"m"	"r"	11	5	4	0	1
608	2	1	18	"m"	"r"	12	4	3	0	3
608	2	1	18	"m"	"r"	13	11	8	0	1
608	2	1	18	"m"	"r"	14	13	9	0	598
608	2	1	18	"m"	"r"	15	17	14	0	4
608	2	1	18	"m"	"r"	16	6	3	4	598
608	2	1	18	"m"	"r"	17	15	11	12	1
608	2	1	18	"m"	"r"	18	20	11	0	301
608	2	1	18	"m"	"r"	19	18	15	16	599
608	2	1	18	"m"	"r"	20	14	10	0	597
608	2	1	18	"m"	"r"	21	1	1	0	599
608	2	1	18	"m"	"r"	22	12	7	8	599
608	2	1	18	"m"	"r"	23	22	13	14	302
608	2	1	18	"m"	"r"	24	10	7	0	2
609	3	2	19	"m"	"r"	1	20	11	0	64
609	3	2	19	"m"	"r"	2	2	2	0	597
609	3	2	19	"m"	"r"	3	11	8	0	1
609	3	2	19	"m"	"r"	4	9	5	6	6
609	3	2	19	"m"	"r"	5	21	12	0	63
609	3	2	19	"m"	"r"	6	10	7	0	8
609	3	2	19	"m"	"r"	7	6	3	4	595
609	3	2	19	"m"	"r"	8	19	9	10	244
609	3	2	19	"m"	"r"	9	5	4	0	8
609	3	2	19	"m"	"r"	10	12	7	8	597
609	3	2	19	"m"	"r"	11	24	16	0	55
609	3	2	19	"m"	"r"	12	7	5	0	597
609	3	2	19	"m"	"r"	13	4	3	0	3
609	3	2	19	"m"	"r"	14	23	15	0	124
609	3	2	19	"m"	"r"	15	17	14	0	4
609	3	2	19	"m"	"r"	16	22	13	14	118
609	3	2	19	"m"	"r"	17	13	9	0	597
609	3	2	19	"m"	"r"	18	3	1	2	5
609	3	2	19	"m"	"r"	19	18	15	16	598
609	3	2	19	"m"	"r"	20	14	10	0	598
609	3	2	19	"m"	"r"	21	1	1	0	598
609	3	2	19	"m"	"r"	22	16	13	0	6
609	3	2	19	"m"	"r"	23	8	6	0	599
609	3	2	19	"m"	"r"	24	15	11	12	7
610	2	1	20	"m"	"r"	1	6	3	4	599
610	2	1	20	"m"	"r"	2	16	13	0	1
610	2	1	20	"m"	"r"	3	19	9	10	120
610	2	1	20	"m"	"r"	4	1	1	0	596
610	2	1	20	"m"	"r"	5	14	10	0	596
610	2	1	20	"m"	"r"	6	23	15	0	121
610	2	1	20	"m"	"r"	7	9	5	6	1
610	2	1	20	"m"	"r"	8	2	2	0	598
610	2	1	20	"m"	"r"	9	13	9	0	596
610	2	1	20	"m"	"r"	10	4	3	0	2
610	2	1	20	"m"	"r"	11	18	15	16	596
610	2	1	20	"m"	"r"	12	24	16	0	123
610	2	1	20	"m"	"r"	13	3	1	2	2
610	2	1	20	"m"	"r"	14	5	4	0	2
610	2	1	20	"m"	"r"	15	22	13	14	301
610	2	1	20	"m"	"r"	16	17	14	0	2
610	2	1	20	"m"	"r"	17	21	12	0	300
610	2	1	20	"m"	"r"	18	20	11	0	299
610	2	1	20	"m"	"r"	19	7	5	0	598
610	2	1	20	"m"	"r"	20	8	6	0	596
610	2	1	20	"m"	"r"	21	15	11	12	3
610	2	1	20	"m"	"r"	22	12	7	8	596
610	2	1	20	"m"	"r"	23	10	7	0	4
610	2	1	20	"m"	"r"	24	11	8	0	6
612	2	1	18	"M"	"R"	1	24	16	0	360.7969
612	2	1	18	"M"	"R"	2	12	7	8	592.2227
612	2	1	18	"M"	"R"	3	14	10	0	599.3945
612	2	1	18	"M"	"R"	4	8	6	0	592.5352
612	2	1	18	"M"	"R"	5	15	11	12	123.1328
612	2	1	18	"M"	"R"	6	6	3	4	592.3477
612	2	1	18	"M"	"R"	7	13	9	0	595.2969
612	2	1	18	"M"	"R"	8	18	15	16	261.832
612	2	1	18	"M"	"R"	9	11	8	0	172.0859
612	2	1	18	"M"	"R"	10	19	9	10	207.543
612	2	1	18	"M"	"R"	11	5	4	0	51.9961
612	2	1	18	"M"	"R"	12	3	1	2	0.33203
612	2	1	18	"M"	"R"	13	7	5	0	589.8711
612	2	1	18	"M"	"R"	14	22	13	14	175.9766
612	2	1	18	"M"	"R"	15	4	3	0	3.2578
612	2	1	18	"M"	"R"	16	17	14	0	166.6016
612	2	1	18	"M"	"R"	17	9	5	6	423.5898
612	2	1	18	"M"	"R"	18	21	12	0	130.8125
612	2	1	18	"M"	"R"	19	1	1	0	597.3516
612	2	1	18	"M"	"R"	20	16	13	0	95.0859
612	2	1	18	"M"	"R"	21	10	7	0	149.3281
612	2	1	18	"M"	"R"	22	23	15	0	242.3008
612	2	1	18	"M"	"R"	23	20	11	0	209.957
612	2	1	18	"M"	"R"	24	2	2	0	598.5703
613	3	2	21	"M"	"R"	1	13	9	0	598.0234
613	3	2	21	"M"	"R"	2	16	13	0	459.5703
613	3	2	21	"M"	"R"	3	4	3	0	404.0898
613	3	2	21	"M"	"R"	4	20	11	0	211.4805
613	3	2	21	"M"	"R"	5	23	15	0	569.8672
613	3	2	21	"M"	"R"	6	12	7	8	597.0273
613	3	2	21	"M"	"R"	7	18	15	16	599.1914
613	3	2	21	"M"	"R"	8	19	9	10	599.0234
613	3	2	21	"M"	"R"	9	9	5	6	447.4102
613	3	2	21	"M"	"R"	10	2	2	0	469.9023
613	3	2	21	"M"	"R"	11	24	16	0	237.1367
613	3	2	21	"M"	"R"	12	22	13	14	95.3438
613	3	2	21	"M"	"R"	13	6	3	4	153.6641
613	3	2	21	"M"	"R"	14	15	11	12	51.1953
613	3	2	21	"M"	"R"	15	3	1	2	334.1016
613	3	2	21	"M"	"R"	16	14	10	0	597.1836
613	3	2	21	"M"	"R"	17	5	4	0	208.4766
613	3	2	21	"M"	"R"	18	17	14	0	19.707
613	3	2	21	"M"	"R"	19	10	7	0	113.0117
613	3	2	21	"M"	"R"	20	21	12	0	249.4727
613	3	2	21	"M"	"R"	21	11	8	0	164.4961
613	3	2	21	"M"	"R"	22	1	1	0	538.3789
613	3	2	21	"M"	"R"	23	8	6	0	342.1055
613	3	2	21	"M"	"R"	24	7	5	0	544.707
615	2	2	25	"M"	"R"	1	14	10	0	599
615	2	2	25	"M"	"R"	2	10	7	0	1
615	2	2	25	"M"	"R"	3	11	8	0	3
615	2	2	25	"M"	"R"	4	4	3	0	1
615	2	2	25	"M"	"R"	5	13	9	0	599
615	2	2	25	"M"	"R"	6	5	4	0	2
615	2	2	25	"M"	"R"	7	8	6	0	599
615	2	2	25	"M"	"R"	8	21	12	0	2
615	2	2	25	"M"	"R"	9	20	11	0	1
615	2	2	25	"M"	"R"	10	1	1	0	598
615	2	2	25	"M"	"R"	11	24	16	0	478
615	2	2	25	"M"	"R"	12	3	1	2	1
615	2	2	25	"M"	"R"	13	22	13	14	422
615	2	2	25	"M"	"R"	14	19	9	10	122
615	2	2	25	"M"	"R"	15	18	15	16	597
615	2	2	25	"M"	"R"	16	15	11	12	2
615	2	2	25	"M"	"R"	17	6	3	4	599
615	2	2	25	"M"	"R"	18	23	15	0	179
615	2	2	25	"M"	"R"	19	7	5	0	599
615	2	2	25	"M"	"R"	20	17	14	0	1
615	2	2	25	"M"	"R"	21	2	2	0	598
615	2	2	25	"M"	"R"	22	12	7	8	598
615	2	2	25	"M"	"R"	23	9	5	6	1
615	2	2	25	"M"	"R"	24	16	13	0	3
616	3	1	22	"F"	"R"	1	12	7	8	469
616	3	1	22	"F"	"R"	2	11	8	0	59
616	3	1	22	"F"	"R"	3	8	6	0	599
616	3	1	22	"F"	"R"	4	23	15	0	399
616	3	1	22	"F"	"R"	5	14	10	0	574
616	3	1	22	"F"	"R"	6	10	7	0	207
616	3	1	22	"F"	"R"	7	15	11	12	300
616	3	1	22	"F"	"R"	8	1	1	0	585
616	3	1	22	"F"	"R"	9	19	9	10	390
616	3	1	22	"F"	"R"	10	18	15	16	597
616	3	1	22	"F"	"R"	11	4	3	0	28
616	3	1	22	"F"	"R"	12	17	14	0	1
616	3	1	22	"F"	"R"	13	5	4	0	112
616	3	1	22	"F"	"R"	14	16	13	0	14
616	3	1	22	"F"	"R"	15	7	5	0	441
616	3	1	22	"F"	"R"	16	21	12	0	301
616	3	1	22	"F"	"R"	17	20	11	0	303
616	3	1	22	"F"	"R"	18	22	13	14	6
616	3	1	22	"F"	"R"	19	9	5	6	363
616	3	1	22	"F"	"R"	20	3	1	2	190
616	3	1	22	"F"	"R"	21	6	3	4	569
616	3	1	22	"F"	"R"	22	13	9	0	546
616	3	1	22	"F"	"R"	23	24	16	0	299
616	3	1	22	"F"	"R"	24	2	2	0	594
618	3	1	21	"M"	"R"	1	6	3	4	418
618	3	1	21	"M"	"R"	2	9	5	6	13
618	3	1	21	"M"	"R"	3	4	3	0	294
618	3	1	21	"M"	"R"	4	16	13	0	309
618	3	1	21	"M"	"R"	5	24	16	0	194
618	3	1	21	"M"	"R"	6	7	5	0	470
618	3	1	21	"M"	"R"	7	8	6	0	598
618	3	1	21	"M"	"R"	8	5	4	0	595
618	3	1	21	"M"	"R"	9	20	11	0	483
618	3	1	21	"M"	"R"	10	11	8	0	119
618	3	1	21	"M"	"R"	11	18	15	16	561
618	3	1	21	"M"	"R"	12	21	12	0	466
618	3	1	21	"M"	"R"	13	2	2	0	164
618	3	1	21	"M"	"R"	14	1	1	0	457
618	3	1	21	"M"	"R"	15	17	14	0	475
618	3	1	21	"M"	"R"	16	15	11	12	504
618	3	1	21	"M"	"R"	17	23	15	0	185
618	3	1	21	"M"	"R"	18	14	10	0	463
618	3	1	21	"M"	"R"	19	12	7	8	488
618	3	1	21	"M"	"R"	20	19	9	10	300
618	3	1	21	"M"	"R"	21	10	7	0	492
618	3	1	21	"M"	"R"	22	22	13	14	303
618	3	1	21	"M"	"R"	23	3	1	2	384
618	3	1	21	"M"	"R"	24	13	9	0	258
619	2	2	24	"F"	"R"	1	1	1	0	419
619	2	2	24	"F"	"R"	2	23	15	0	301
619	2	2	24	"F"	"R"	3	19	9	10	240
619	2	2	24	"F"	"R"	4	3	1	2	299
619	2	2	24	"F"	"R"	5	6	3	4	421
619	2	2	24	"F"	"R"	6	21	12	0	185
619	2	2	24	"F"	"R"	7	12	7	8	270
619	2	2	24	"F"	"R"	8	10	7	0	101
619	2	2	24	"F"	"R"	9	4	3	0	126
619	2	2	24	"F"	"R"	10	11	8	0	412
619	2	2	24	"F"	"R"	11	18	15	16	444
619	2	2	24	"F"	"R"	12	14	10	0	558
619	2	2	24	"F"	"R"	13	15	11	12	177
619	2	2	24	"F"	"R"	14	7	5	0	539
619	2	2	24	"F"	"R"	15	22	13	14	149
619	2	2	24	"F"	"R"	16	24	16	0	480
619	2	2	24	"F"	"R"	17	9	5	6	425
619	2	2	24	"F"	"R"	18	20	11	0	284
619	2	2	24	"F"	"R"	19	8	6	0	439
619	2	2	24	"F"	"R"	20	5	4	0	79
619	2	2	24	"F"	"R"	21	13	9	0	509
619	2	2	24	"F"	"R"	22	17	14	0	22
619	2	2	24	"F"	"R"	23	16	13	0	125
619	2	2	24	"F"	"R"	24	2	2	0	569
620	2	1	20	"F"	"L"	1	8	6	0	599
620	2	1	20	"F"	"L"	2	16	13	0	122
620	2	1	20	"F"	"L"	3	10	7	0	479
620	2	1	20	"F"	"L"	4	21	12	0	121
620	2	1	20	"F"	"L"	5	13	9	0	598
620	2	1	20	"F"	"L"	6	19	9	10	300
620	2	1	20	"F"	"L"	7	12	7	8	303
620	2	1	20	"F"	"L"	8	4	3	0	185
620	2	1	20	"F"	"L"	9	6	3	4	593
620	2	1	20	"F"	"L"	10	9	5	6	243
620	2	1	20	"F"	"L"	11	3	1	2	301
620	2	1	20	"F"	"L"	12	18	15	16	599
620	2	1	20	"F"	"L"	13	17	14	0	568
620	2	1	20	"F"	"L"	14	22	13	14	181
620	2	1	20	"F"	"L"	15	20	11	0	2
620	2	1	20	"F"	"L"	16	15	11	12	276
620	2	1	20	"F"	"L"	17	2	2	0	299
620	2	1	20	"F"	"L"	18	11	8	0	478
620	2	1	20	"F"	"L"	19	1	1	0	321
620	2	1	20	"F"	"L"	20	23	15	0	183
620	2	1	20	"F"	"L"	21	7	5	0	598
620	2	1	20	"F"	"L"	22	14	10	0	598
620	2	1	20	"F"	"L"	23	24	16	0	300
620	2	1	20	"F"	"L"	24	5	4	0	263
622	2	1	63	"F"	"R"	1	23	15	0	178
622	2	1	63	"F"	"R"	2	11	8	0	302
622	2	1	63	"F"	"R"	3	12	7	8	235
622	2	1	63	"F"	"R"	4	14	10	0	178
622	2	1	63	"F"	"R"	5	6	3	4	299
622	2	1	63	"F"	"R"	6	15	11	12	301
622	2	1	63	"F"	"R"	7	18	15	16	303
622	2	1	63	"F"	"R"	8	13	9	0	438
622	2	1	63	"F"	"R"	9	9	5	6	466
622	2	1	63	"F"	"R"	10	17	14	0	296
622	2	1	63	"F"	"R"	11	21	12	0	298
622	2	1	63	"F"	"R"	12	5	4	0	429
622	2	1	63	"F"	"R"	13	4	3	0	295
622	2	1	63	"F"	"R"	14	2	2	0	463
622	2	1	63	"F"	"R"	15	20	11	0	136
622	2	1	63	"F"	"R"	16	22	13	14	302
622	2	1	63	"F"	"R"	17	8	6	0	321
622	2	1	63	"F"	"R"	18	1	1	0	295
622	2	1	63	"F"	"R"	19	19	9	10	406
622	2	1	63	"F"	"R"	20	24	16	0	186
622	2	1	63	"F"	"R"	21	7	5	0	306
622	2	1	63	"F"	"R"	22	10	7	0	163
622	2	1	63	"F"	"R"	23	16	13	0	181
622	2	1	63	"F"	"R"	24	3	1	2	387
624	2	1	20	"F"	"R"	1	20	11	0	449
624	2	1	20	"F"	"R"	2	8	6	0	598
624	2	1	20	"F"	"R"	3	24	16	0	152
624	2	1	20	"F"	"R"	4	21	12	0	87
624	2	1	20	"F"	"R"	5	23	15	0	177
624	2	1	20	"F"	"R"	6	3	1	2	1
624	2	1	20	"F"	"R"	7	12	7	8	599
624	2	1	20	"F"	"R"	8	7	5	0	597
624	2	1	20	"F"	"R"	9	13	9	0	598
624	2	1	20	"F"	"R"	10	9	5	6	58
624	2	1	20	"F"	"R"	11	17	14	0	3
624	2	1	20	"F"	"R"	12	10	7	0	1
624	2	1	20	"F"	"R"	13	1	1	0	598
624	2	1	20	"F"	"R"	14	6	3	4	540
624	2	1	20	"F"	"R"	15	18	15	16	596
624	2	1	20	"F"	"R"	16	15	11	12	1
624	2	1	20	"F"	"R"	17	4	3	0	59
624	2	1	20	"F"	"R"	18	22	13	14	362
624	2	1	20	"F"	"R"	19	14	10	0	599
624	2	1	20	"F"	"R"	20	16	13	0	4
624	2	1	20	"F"	"R"	21	11	8	0	2
624	2	1	20	"F"	"R"	22	5	4	0	34
624	2	1	20	"F"	"R"	23	2	2	0	598
624	2	1	20	"F"	"R"	24	19	9	10	113
627	3	2	43	"m"	"r"	1	9	5	6	539
627	3	2	43	"m"	"r"	2	8	6	0	597
627	3	2	43	"m"	"r"	3	21	12	0	297
627	3	2	43	"m"	"r"	4	16	13	0	446
627	3	2	43	"m"	"r"	5	4	3	0	315
627	3	2	43	"m"	"r"	6	15	11	12	301
627	3	2	43	"m"	"r"	7	14	10	0	313
627	3	2	43	"m"	"r"	8	6	3	4	443
627	3	2	43	"m"	"r"	9	7	5	0	443
627	3	2	43	"m"	"r"	10	20	11	0	425
627	3	2	43	"m"	"r"	11	10	7	0	300
627	3	2	43	"m"	"r"	12	5	4	0	177
627	3	2	43	"m"	"r"	13	23	15	0	298
627	3	2	43	"m"	"r"	14	13	9	0	314
627	3	2	43	"m"	"r"	15	1	1	0	314
627	3	2	43	"m"	"r"	16	11	8	0	314
627	3	2	43	"m"	"r"	17	2	2	0	481
627	3	2	43	"m"	"r"	18	18	15	16	462
627	3	2	43	"m"	"r"	19	12	7	8	158
627	3	2	43	"m"	"r"	20	22	13	14	6
627	3	2	43	"m"	"r"	21	19	9	10	21
627	3	2	43	"m"	"r"	22	24	16	0	307
627	3	2	43	"m"	"r"	23	17	14	0	301
627	3	2	43	"m"	"r"	24	3	1	2	459
628	2	1	22	"f"	"r"	1	11	8	0	117
628	2	1	22	"f"	"r"	2	6	3	4	594
628	2	1	22	"f"	"r"	3	20	11	0	298
628	2	1	22	"f"	"r"	4	14	10	0	597
628	2	1	22	"f"	"r"	5	3	1	2	181
628	2	1	22	"f"	"r"	6	9	5	6	183
628	2	1	22	"f"	"r"	7	22	13	14	180
628	2	1	22	"f"	"r"	8	4	3	0	297
628	2	1	22	"f"	"r"	9	12	7	8	484
628	2	1	22	"f"	"r"	10	10	7	0	238
628	2	1	22	"f"	"r"	11	7	5	0	599
628	2	1	22	"f"	"r"	12	19	9	10	235
628	2	1	22	"f"	"r"	13	18	15	16	594
628	2	1	22	"f"	"r"	14	21	12	0	179
628	2	1	22	"f"	"r"	15	23	15	0	241
628	2	1	22	"f"	"r"	16	1	1	0	597
628	2	1	22	"f"	"r"	17	15	11	12	55
628	2	1	22	"f"	"r"	18	17	14	0	119
628	2	1	22	"f"	"r"	19	24	16	0	179
628	2	1	22	"f"	"r"	20	5	4	0	300
628	2	1	22	"f"	"r"	21	8	6	0	299
628	2	1	22	"f"	"r"	22	13	9	0	599
628	2	1	22	"f"	"r"	23	16	13	0	298
628	2	1	22	"f"	"r"	24	2	2	0	599
629	3	2	26	"M"	"R"	1	19	9	10	0.27734
629	3	2	26	"M"	"R"	2	22	13	14	465.125
629	3	2	26	"M"	"R"	3	9	5	6	2.9414
629	3	2	26	"M"	"R"	4	24	16	0	190.3789
629	3	2	26	"M"	"R"	5	8	6	0	592.418
629	3	2	26	"M"	"R"	6	23	15	0	294.8516
629	3	2	26	"M"	"R"	7	5	4	0	113.4102
629	3	2	26	"M"	"R"	8	4	3	0	596.918
629	3	2	26	"M"	"R"	9	15	11	12	0.78125
629	3	2	26	"M"	"R"	10	11	8	0	5.1133
629	3	2	26	"M"	"R"	11	14	10	0	598.0859
629	3	2	26	"M"	"R"	12	1	1	0	599.2539
629	3	2	26	"M"	"R"	13	17	14	0	188.7188
629	3	2	26	"M"	"R"	14	7	5	0	597.0898
629	3	2	26	"M"	"R"	15	3	1	2	4.7891
629	3	2	26	"M"	"R"	16	6	3	4	121.25
629	3	2	26	"M"	"R"	17	21	12	0	107.0898
629	3	2	26	"M"	"R"	18	16	13	0	180.7383
629	3	2	26	"M"	"R"	19	13	9	0	597.4336
629	3	2	26	"M"	"R"	20	20	11	0	7.457
629	3	2	26	"M"	"R"	21	12	7	8	594.2656
629	3	2	26	"M"	"R"	22	2	2	0	586.1016
629	3	2	26	"M"	"R"	23	18	15	16	299.3672
629	3	2	26	"M"	"R"	24	10	7	0	2.1328
630	2	1	21	"F"	"R"	1	22	13	14	303.1602
630	2	1	21	"F"	"R"	2	18	15	16	599.375
630	2	1	21	"F"	"R"	3	3	1	2	1.7188
630	2	1	21	"F"	"R"	4	2	2	0	598.6641
630	2	1	21	"F"	"R"	5	7	5	0	596.4922
630	2	1	21	"F"	"R"	6	23	15	0	176.5742
630	2	1	21	"F"	"R"	7	14	10	0	597.3086
630	2	1	21	"F"	"R"	8	16	13	0	1.4805
630	2	1	21	"F"	"R"	9	12	7	8	597.2227
630	2	1	21	"F"	"R"	10	15	11	12	2.3594
630	2	1	21	"F"	"R"	11	6	3	4	599.043
630	2	1	21	"F"	"R"	12	11	8	0	57.5781
630	2	1	21	"F"	"R"	13	8	6	0	595.6602
630	2	1	21	"F"	"R"	14	4	3	0	3.6758
630	2	1	21	"F"	"R"	15	9	5	6	119.7617
630	2	1	21	"F"	"R"	16	24	16	0	174.3359
630	2	1	21	"F"	"R"	17	1	1	0	597.8906
630	2	1	21	"F"	"R"	18	17	14	0	1.293
630	2	1	21	"F"	"R"	19	10	7	0	5.5
630	2	1	21	"F"	"R"	20	21	12	0	474.5156
630	2	1	21	"F"	"R"	21	13	9	0	598.7461
630	2	1	21	"F"	"R"	22	19	9	10	123.793
630	2	1	21	"F"	"R"	23	5	4	0	0.97656
630	2	1	21	"F"	"R"	24	20	11	0	480.25
631	3	2	21	"f"	"right"	1	14	10	0	597
631	3	2	21	"f"	"right"	2	17	14	0	3
631	3	2	21	"f"	"right"	3	18	15	16	599
631	3	2	21	"f"	"right"	4	4	3	0	122
631	3	2	21	"f"	"right"	5	21	12	0	2
631	3	2	21	"f"	"right"	6	19	9	10	356
631	3	2	21	"f"	"right"	7	2	2	0	596
631	3	2	21	"f"	"right"	8	23	15	0	299
631	3	2	21	"f"	"right"	9	1	1	0	599
631	3	2	21	"f"	"right"	10	20	11	0	1
631	3	2	21	"f"	"right"	11	11	8	0	1
631	3	2	21	"f"	"right"	12	16	13	0	3
631	3	2	21	"f"	"right"	13	13	9	0	598
631	3	2	21	"f"	"right"	14	9	5	6	151
631	3	2	21	"f"	"right"	15	8	6	0	598
631	3	2	21	"f"	"right"	16	10	7	0	1
631	3	2	21	"f"	"right"	17	15	11	12	1
631	3	2	21	"f"	"right"	18	12	7	8	597
631	3	2	21	"f"	"right"	19	24	16	0	299
631	3	2	21	"f"	"right"	20	6	3	4	598
631	3	2	21	"f"	"right"	21	5	4	0	1
631	3	2	21	"f"	"right"	22	7	5	0	598
631	3	2	21	"f"	"right"	23	3	1	2	1
631	3	2	21	"f"	"right"	24	22	13	14	1
632	2	1	27	"m"	"r"	1	2	2	0	300
632	2	1	27	"m"	"r"	2	11	8	0	59
632	2	1	27	"m"	"r"	3	12	7	8	542
632	2	1	27	"m"	"r"	4	1	1	0	598
632	2	1	27	"m"	"r"	5	14	10	0	599
632	2	1	27	"m"	"r"	6	18	15	16	597
632	2	1	27	"m"	"r"	7	13	9	0	595
632	2	1	27	"m"	"r"	8	21	12	0	179
632	2	1	27	"m"	"r"	9	9	5	6	241
632	2	1	27	"m"	"r"	10	24	16	0	477
632	2	1	27	"m"	"r"	11	10	7	0	60
632	2	1	27	"m"	"r"	12	15	11	12	2
632	2	1	27	"m"	"r"	13	8	6	0	298
632	2	1	27	"m"	"r"	14	3	1	2	58
632	2	1	27	"m"	"r"	15	20	11	0	119
632	2	1	27	"m"	"r"	16	7	5	0	596
632	2	1	27	"m"	"r"	17	5	4	0	295
632	2	1	27	"m"	"r"	18	19	9	10	301
632	2	1	27	"m"	"r"	19	6	3	4	302
632	2	1	27	"m"	"r"	20	22	13	14	124
632	2	1	27	"m"	"r"	21	23	15	0	292
632	2	1	27	"m"	"r"	22	4	3	0	6
632	2	1	27	"m"	"r"	23	16	13	0	4
632	2	1	27	"m"	"r"	24	17	14	0	587
633	3	2	19	"F"	"R"	1	5	4	0	237.168
633	3	2	19	"F"	"R"	2	13	9	0	403.9102
633	3	2	19	"F"	"R"	3	24	16	0	505.7617
633	3	2	19	"F"	"R"	4	8	6	0	360.6875
633	3	2	19	"F"	"R"	5	7	5	0	243.1602
633	3	2	19	"F"	"R"	6	19	9	10	297.7617
633	3	2	19	"F"	"R"	7	2	2	0	463.9492
633	3	2	19	"F"	"R"	8	1	1	0	514.3203
633	3	2	19	"F"	"R"	9	17	14	0	143.5391
633	3	2	19	"F"	"R"	10	22	13	14	131.2227
633	3	2	19	"F"	"R"	11	23	15	0	386.0898
633	3	2	19	"F"	"R"	12	16	13	0	85.793
633	3	2	19	"F"	"R"	13	11	8	0	371.0391
633	3	2	19	"F"	"R"	14	6	3	4	175.0352
633	3	2	19	"F"	"R"	15	10	7	0	273.9805
633	3	2	19	"F"	"R"	16	12	7	8	237.0195
633	3	2	19	"F"	"R"	17	20	11	0	43.1289
633	3	2	19	"F"	"R"	18	21	12	0	190.1484
633	3	2	19	"F"	"R"	19	4	3	0	113.5781
633	3	2	19	"F"	"R"	20	15	11	12	62.2109
633	3	2	19	"F"	"R"	21	14	10	0	295.1445
633	3	2	19	"F"	"R"	22	3	1	2	570.332
633	3	2	19	"F"	"R"	23	9	5	6	452.5117
633	3	2	19	"F"	"R"	24	18	15	16	429.6055
634	2	1	46	"M"	"R"	1	9	5	6	1.7891
634	2	1	46	"M"	"R"	2	22	13	14	2.6172
634	2	1	46	"M"	"R"	3	2	2	0	597.9258
634	2	1	46	"M"	"R"	4	5	4	0	0.28516
634	2	1	46	"M"	"R"	5	20	11	0	297.3555
634	2	1	46	"M"	"R"	6	6	3	4	598.082
634	2	1	46	"M"	"R"	7	11	8	0	2.4453
634	2	1	46	"M"	"R"	8	12	7	8	599.75
634	2	1	46	"M"	"R"	9	14	10	0	599.4219
634	2	1	46	"M"	"R"	10	13	9	0	598.2578
634	2	1	46	"M"	"R"	11	10	7	0	1.4531
634	2	1	46	"M"	"R"	12	17	14	0	0.28516
634	2	1	46	"M"	"R"	13	8	6	0	1.9492
634	2	1	46	"M"	"R"	14	18	15	16	597.0898
634	2	1	46	"M"	"R"	15	3	1	2	0.28125
634	2	1	46	"M"	"R"	16	23	15	0	298.6836
634	2	1	46	"M"	"R"	17	16	13	0	0.77734
634	2	1	46	"M"	"R"	18	21	12	0	299.5156
634	2	1	46	"M"	"R"	19	24	16	0	296.0156
634	2	1	46	"M"	"R"	20	19	9	10	181.3867
634	2	1	46	"M"	"R"	21	15	11	12	299.8477
634	2	1	46	"M"	"R"	22	7	5	0	179.8867
634	2	1	46	"M"	"R"	23	4	3	0	2.2773
634	2	1	46	"M"	"R"	24	1	1	0	58.5977
635	2	2	23	"F"	"R"	1	21	12	0	422.3125
635	2	2	23	"F"	"R"	2	19	9	10	60.9141
635	2	2	23	"F"	"R"	3	1	1	0	598.9727
635	2	2	23	"F"	"R"	4	7	5	0	599.3203
635	2	2	23	"F"	"R"	5	9	5	6	7.6992
635	2	2	23	"F"	"R"	6	13	9	0	595.7383
635	2	2	23	"F"	"R"	7	2	2	0	530.9336
635	2	2	23	"F"	"R"	8	20	11	0	119.6367
635	2	2	23	"F"	"R"	9	6	3	4	357.7461
635	2	2	23	"F"	"R"	10	8	6	0	597.2109
635	2	2	23	"F"	"R"	11	15	11	12	595.9102
635	2	2	23	"F"	"R"	12	5	4	0	179.0312
635	2	2	23	"F"	"R"	13	18	15	16	486.7773
635	2	2	23	"F"	"R"	14	24	16	0	428.4375
635	2	2	23	"F"	"R"	15	11	8	0	367.1875
635	2	2	23	"F"	"R"	16	14	10	0	594.3281
635	2	2	23	"F"	"R"	17	16	13	0	1.4688
635	2	2	23	"F"	"R"	18	23	15	0	357.4609
635	2	2	23	"F"	"R"	19	3	1	2	239.9922
635	2	2	23	"F"	"R"	20	17	14	0	1.6211
635	2	2	23	"F"	"R"	21	22	13	14	238.8477
635	2	2	23	"F"	"R"	22	12	7	8	595.7461
635	2	2	23	"F"	"R"	23	4	3	0	361.1953
635	2	2	23	"F"	"R"	24	10	7	0	179.332
636	3	1	34	"F"	"R"	1	6	3	4	300
636	3	1	34	"F"	"R"	2	8	6	0	239
636	3	1	34	"F"	"R"	3	10	7	0	419
636	3	1	34	"F"	"R"	4	15	11	12	118
636	3	1	34	"F"	"R"	5	20	11	0	598
636	3	1	34	"F"	"R"	6	22	13	14	181
636	3	1	34	"F"	"R"	7	2	2	0	421
636	3	1	34	"F"	"R"	8	17	14	0	420
636	3	1	34	"F"	"R"	9	1	1	0	594
636	3	1	34	"F"	"R"	10	12	7	8	3
636	3	1	34	"F"	"R"	11	4	3	0	241
636	3	1	34	"F"	"R"	12	19	9	10	416
636	3	1	34	"F"	"R"	13	18	15	16	57
636	3	1	34	"F"	"R"	14	3	1	2	367
636	3	1	34	"F"	"R"	15	7	5	0	191
636	3	1	34	"F"	"R"	16	24	16	0	304
636	3	1	34	"F"	"R"	17	5	4	0	426
636	3	1	34	"F"	"R"	18	16	13	0	482
636	3	1	34	"F"	"R"	19	14	10	0	178
636	3	1	34	"F"	"R"	20	21	12	0	74
636	3	1	34	"F"	"R"	21	13	9	0	291
636	3	1	34	"F"	"R"	22	11	8	0	594
636	3	1	34	"F"	"R"	23	9	5	6	246
636	3	1	34	"F"	"R"	24	23	15	0	300
637	3	2	22	"F"	"R"	1	1	1	0	182
637	3	2	22	"F"	"R"	2	24	16	0	287
637	3	2	22	"F"	"R"	3	9	5	6	187
637	3	2	22	"F"	"R"	4	4	3	0	245
637	3	2	22	"F"	"R"	5	12	7	8	297
637	3	2	22	"F"	"R"	6	21	12	0	240
637	3	2	22	"F"	"R"	7	14	10	0	235
637	3	2	22	"F"	"R"	8	17	14	0	424
637	3	2	22	"F"	"R"	9	15	11	12	370
637	3	2	22	"F"	"R"	10	7	5	0	269
637	3	2	22	"F"	"R"	11	10	7	0	228
637	3	2	22	"F"	"R"	12	5	4	0	463
637	3	2	22	"F"	"R"	13	3	1	2	398
637	3	2	22	"F"	"R"	14	2	2	0	311
637	3	2	22	"F"	"R"	15	13	9	0	143
637	3	2	22	"F"	"R"	16	11	8	0	255
637	3	2	22	"F"	"R"	17	16	13	0	467
637	3	2	22	"F"	"R"	18	23	15	0	416
637	3	2	22	"F"	"R"	19	8	6	0	364
637	3	2	22	"F"	"R"	20	18	15	16	215
637	3	2	22	"F"	"R"	21	19	9	10	215
637	3	2	22	"F"	"R"	22	6	3	4	194
637	3	2	22	"F"	"R"	23	20	11	0	421
637	3	2	22	"F"	"R"	24	22	13	14	345
638	3	1	25	"m"	"r"	1	20	11	0	149
638	3	1	25	"m"	"r"	2	13	9	0	599
638	3	1	25	"m"	"r"	3	23	15	0	597
638	3	1	25	"m"	"r"	4	8	6	0	300
638	3	1	25	"m"	"r"	5	17	14	0	1
638	3	1	25	"m"	"r"	6	12	7	8	1
638	3	1	25	"m"	"r"	7	24	16	0	599
638	3	1	25	"m"	"r"	8	10	7	0	147
638	3	1	25	"m"	"r"	9	3	1	2	3
638	3	1	25	"m"	"r"	10	9	5	6	121
638	3	1	25	"m"	"r"	11	1	1	0	118
638	3	1	25	"m"	"r"	12	15	11	12	119
638	3	1	25	"m"	"r"	13	19	9	10	116
638	3	1	25	"m"	"r"	14	7	5	0	598
638	3	1	25	"m"	"r"	15	22	13	14	4
638	3	1	25	"m"	"r"	16	21	12	0	298
638	3	1	25	"m"	"r"	17	14	10	0	597
638	3	1	25	"m"	"r"	18	11	8	0	1
638	3	1	25	"m"	"r"	19	5	4	0	1
638	3	1	25	"m"	"r"	20	18	15	16	597
638	3	1	25	"m"	"r"	21	6	3	4	2
638	3	1	25	"m"	"r"	22	16	13	0	3
638	3	1	25	"m"	"r"	23	4	3	0	5
638	3	1	25	"m"	"r"	24	2	2	0	299
639	2	2	23	"m"	"r"	1	1	1	0	549
639	2	2	23	"m"	"r"	2	6	3	4	509
639	2	2	23	"m"	"r"	3	23	15	0	121
639	2	2	23	"m"	"r"	4	8	6	0	596
639	2	2	23	"m"	"r"	5	9	5	6	1
639	2	2	23	"m"	"r"	6	13	9	0	565
639	2	2	23	"m"	"r"	7	18	15	16	479
639	2	2	23	"m"	"r"	8	24	16	0	86
639	2	2	23	"m"	"r"	9	5	4	0	96
639	2	2	23	"m"	"r"	10	22	13	14	462
639	2	2	23	"m"	"r"	11	20	11	0	295
639	2	2	23	"m"	"r"	12	19	9	10	10
639	2	2	23	"m"	"r"	13	21	12	0	179
639	2	2	23	"m"	"r"	14	15	11	12	385
639	2	2	23	"m"	"r"	15	10	7	0	9
639	2	2	23	"m"	"r"	16	14	10	0	595
639	2	2	23	"m"	"r"	17	7	5	0	598
639	2	2	23	"m"	"r"	18	4	3	0	125
639	2	2	23	"m"	"r"	19	12	7	8	476
639	2	2	23	"m"	"r"	20	11	8	0	7
639	2	2	23	"m"	"r"	21	3	1	2	8
639	2	2	23	"m"	"r"	22	16	13	0	122
639	2	2	23	"m"	"r"	23	17	14	0	115
639	2	2	23	"m"	"r"	24	2	2	0	598
640	2	1	41	"M"	"R"	1	4	3	0	420.7227
640	2	1	41	"M"	"R"	2	23	15	0	479.6406
640	2	1	41	"M"	"R"	3	1	1	0	185.4297
640	2	1	41	"M"	"R"	4	20	11	0	299.6328
640	2	1	41	"M"	"R"	5	10	7	0	594.4609
640	2	1	41	"M"	"R"	6	8	6	0	189.3086
640	2	1	41	"M"	"R"	7	15	11	12	479.9062
640	2	1	41	"M"	"R"	8	2	2	0	311.1875
640	2	1	41	"M"	"R"	9	9	5	6	303.2461
640	2	1	41	"M"	"R"	10	5	4	0	545.3828
640	2	1	41	"M"	"R"	11	19	9	10	309.3594
640	2	1	41	"M"	"R"	12	17	14	0	118.3242
640	2	1	41	"M"	"R"	13	22	13	14	183.8047
640	2	1	41	"M"	"R"	14	21	12	0	182.3359
640	2	1	41	"M"	"R"	15	12	7	8	306.8906
640	2	1	41	"M"	"R"	16	14	10	0	422.1523
640	2	1	41	"M"	"R"	17	16	13	0	483.7539
640	2	1	41	"M"	"R"	18	18	15	16	435.4688
640	2	1	41	"M"	"R"	19	7	5	0	308.0625
640	2	1	41	"M"	"R"	20	13	9	0	471.1641
640	2	1	41	"M"	"R"	21	11	8	0	471.1641
640	2	1	41	"M"	"R"	22	6	3	4	471.1641
640	2	1	41	"M"	"R"	23	24	16	0	181.2148
640	2	1	41	"M"	"R"	24	3	1	2	306.7109
641	3	2	49	"m"	"r"	1	23	15	0	180.4883
641	3	2	49	"m"	"r"	2	8	6	0	301.1016
641	3	2	49	"m"	"r"	3	1	1	0	299.8945
641	3	2	49	"m"	"r"	4	19	9	10	60.7891
641	3	2	49	"m"	"r"	5	4	3	0	120.4766
641	3	2	49	"m"	"r"	6	3	1	2	420.543
641	3	2	49	"m"	"r"	7	21	12	0	0.51172
641	3	2	49	"m"	"r"	8	15	11	12	0.77344
641	3	2	49	"m"	"r"	9	14	10	0	301.0156
641	3	2	49	"m"	"r"	10	22	13	14	2.8945
641	3	2	49	"m"	"r"	11	24	16	0	179.1953
641	3	2	49	"m"	"r"	12	16	13	0	298.2188
641	3	2	49	"m"	"r"	13	5	4	0	0.039062
641	3	2	49	"m"	"r"	14	2	2	0	119.5938
641	3	2	49	"m"	"r"	15	13	9	0	61.5234
641	3	2	49	"m"	"r"	16	10	7	0	0.83594
641	3	2	49	"m"	"r"	17	7	5	0	299.543
641	3	2	49	"m"	"r"	18	20	11	0	420.7734
641	3	2	49	"m"	"r"	19	17	14	0	6.3555
641	3	2	49	"m"	"r"	20	11	8	0	59.5469
641	3	2	49	"m"	"r"	21	18	15	16	0.21094
641	3	2	49	"m"	"r"	22	9	5	6	2.0312
641	3	2	49	"m"	"r"	23	12	7	8	1.4766
641	3	2	49	"m"	"r"	24	6	3	4	0.47656
642	2	1	21	"f"	"l"	1	6	3	4	481.3906
642	2	1	21	"f"	"l"	2	9	5	6	180.4766
642	2	1	21	"f"	"l"	3	10	7	0	239.4609
642	2	1	21	"f"	"l"	4	22	13	14	60.1836
642	2	1	21	"f"	"l"	5	19	9	10	4.1992
642	2	1	21	"f"	"l"	6	11	8	0	478.8711
642	2	1	21	"f"	"l"	7	12	7	8	595.3359
642	2	1	21	"f"	"l"	8	23	15	0	68.0117
642	2	1	21	"f"	"l"	9	17	14	0	54.6836
642	2	1	21	"f"	"l"	10	1	1	0	591.3398
642	2	1	21	"f"	"l"	11	18	15	16	596.6719
642	2	1	21	"f"	"l"	12	15	11	12	172.3125
642	2	1	21	"f"	"l"	13	13	9	0	599.3398
642	2	1	21	"f"	"l"	14	3	1	2	190.9727
642	2	1	21	"f"	"l"	15	16	13	0	122.9961
642	2	1	21	"f"	"l"	16	5	4	0	307.6016
642	2	1	21	"f"	"l"	17	20	11	0	59.5234
642	2	1	21	"f"	"l"	18	21	12	0	59.3555
642	2	1	21	"f"	"l"	19	2	2	0	427.2344
642	2	1	21	"f"	"l"	20	4	3	0	365.0898
642	2	1	21	"f"	"l"	21	24	16	0	186.6484
642	2	1	21	"f"	"l"	22	14	10	0	522.207
642	2	1	21	"f"	"l"	23	8	6	0	521.3711
642	2	1	21	"f"	"l"	24	7	5	0	521.3711
643	3	2	21	"f"	"r"	1	16	13	0	61
643	3	2	21	"f"	"r"	2	13	9	0	598
643	3	2	21	"f"	"r"	3	22	13	14	28
643	3	2	21	"f"	"r"	4	23	15	0	238
643	3	2	21	"f"	"r"	5	8	6	0	599
643	3	2	21	"f"	"r"	6	1	1	0	480
643	3	2	21	"f"	"r"	7	11	8	0	234
643	3	2	21	"f"	"r"	8	19	9	10	597
643	3	2	21	"f"	"r"	9	24	16	0	376
643	3	2	21	"f"	"r"	10	21	12	0	183
643	3	2	21	"f"	"r"	11	5	4	0	493
643	3	2	21	"f"	"r"	12	7	5	0	596
643	3	2	21	"f"	"r"	13	20	11	0	169
643	3	2	21	"f"	"r"	14	12	7	8	423
643	3	2	21	"f"	"r"	15	17	14	0	2
643	3	2	21	"f"	"r"	16	2	2	0	596
643	3	2	21	"f"	"r"	17	18	15	16	597
643	3	2	21	"f"	"r"	18	4	3	0	357
643	3	2	21	"f"	"r"	19	6	3	4	599
643	3	2	21	"f"	"r"	20	15	11	12	3
643	3	2	21	"f"	"r"	21	10	7	0	145
643	3	2	21	"f"	"r"	22	9	5	6	427
643	3	2	21	"f"	"r"	23	14	10	0	599
643	3	2	21	"f"	"r"	24	3	1	2	437
644	2	1	19	"F"	"R"	1	18	15	16	598
644	2	1	19	"F"	"R"	2	17	14	0	1
644	2	1	19	"F"	"R"	3	14	10	0	599
644	2	1	19	"F"	"R"	4	22	13	14	538
644	2	1	19	"F"	"R"	5	11	8	0	2
644	2	1	19	"F"	"R"	6	3	1	2	1
644	2	1	19	"F"	"R"	7	1	1	0	599
644	2	1	19	"F"	"R"	8	23	15	0	120
644	2	1	19	"F"	"R"	9	8	6	0	596
644	2	1	19	"F"	"R"	10	19	9	10	63
644	2	1	19	"F"	"R"	11	10	7	0	2
644	2	1	19	"F"	"R"	12	12	7	8	598
644	2	1	19	"F"	"R"	13	13	9	0	599
644	2	1	19	"F"	"R"	14	5	4	0	1
644	2	1	19	"F"	"R"	15	16	13	0	1
644	2	1	19	"F"	"R"	16	20	11	0	421
644	2	1	19	"F"	"R"	17	7	5	0	598
644	2	1	19	"F"	"R"	18	6	3	4	596
644	2	1	19	"F"	"R"	19	4	3	0	1
644	2	1	19	"F"	"R"	20	21	12	0	452
644	2	1	19	"F"	"R"	21	9	5	6	2
644	2	1	19	"F"	"R"	22	15	11	12	57
644	2	1	19	"F"	"R"	23	2	2	0	599
644	2	1	19	"F"	"R"	24	24	16	0	121
645	3	2	20	"F"	"R"	1	7	5	0	599.8398
645	3	2	20	"F"	"R"	2	9	5	6	180.1406
645	3	2	20	"F"	"R"	3	21	12	0	62.8438
645	3	2	20	"F"	"R"	4	23	15	0	234.293
645	3	2	20	"F"	"R"	5	22	13	14	177.9805
645	3	2	20	"F"	"R"	6	13	9	0	597.5039
645	3	2	20	"F"	"R"	7	15	11	12	61.3477
645	3	2	20	"F"	"R"	8	11	8	0	0.19922
645	3	2	20	"F"	"R"	9	10	7	0	58.0156
645	3	2	20	"F"	"R"	10	3	1	2	58.6758
645	3	2	20	"F"	"R"	11	8	6	0	543.3477
645	3	2	20	"F"	"R"	12	19	9	10	296.2656
645	3	2	20	"F"	"R"	13	18	15	16	598.9922
645	3	2	20	"F"	"R"	14	12	7	8	594.6562
645	3	2	20	"F"	"R"	15	20	11	0	174.625
645	3	2	20	"F"	"R"	16	2	2	0	597.8164
645	3	2	20	"F"	"R"	17	16	13	0	2.0156
645	3	2	20	"F"	"R"	18	5	4	0	125.4766
645	3	2	20	"F"	"R"	19	17	14	0	1.8555
645	3	2	20	"F"	"R"	20	1	1	0	598.4883
645	3	2	20	"F"	"R"	21	24	16	0	472.5312
645	3	2	20	"F"	"R"	22	4	3	0	56.8359
645	3	2	20	"F"	"R"	23	6	3	4	598.4922
645	3	2	20	"F"	"R"	24	14	10	0	596.1562
6002	3	1	19	"f"	"R"	1	15	11	12	417.8633
6002	3	1	19	"f"	"R"	2	24	16	0	296.4219
6002	3	1	19	"f"	"R"	3	5	4	0	478.2617
6002	3	1	19	"f"	"R"	4	18	15	16	295.0703
6002	3	1	19	"f"	"R"	5	21	12	0	289.0703
6002	3	1	19	"f"	"R"	6	3	1	2	413.1797
6002	3	1	19	"f"	"R"	7	7	5	0	411.4727
6002	3	1	19	"f"	"R"	8	11	8	0	298.3281
6002	3	1	19	"f"	"R"	9	13	9	0	417.0547
6002	3	1	19	"f"	"R"	10	22	13	14	241.6289
6002	3	1	19	"f"	"R"	11	2	2	0	249.7148
6002	3	1	19	"f"	"R"	12	16	13	0	298.7305
6002	3	1	19	"f"	"R"	13	17	14	0	366.5039
6002	3	1	19	"f"	"R"	14	4	3	0	308.4883
6002	3	1	19	"f"	"R"	15	12	7	8	368.5234
6002	3	1	19	"f"	"R"	16	10	7	0	483.6367
6002	3	1	19	"f"	"R"	17	19	9	10	297.1094
6002	3	1	19	"f"	"R"	18	23	15	0	380.0547
6002	3	1	19	"f"	"R"	19	9	5	6	228.1836
6002	3	1	19	"f"	"R"	20	14	10	0	356.4727
6002	3	1	19	"f"	"R"	21	6	3	4	534.4492
6002	3	1	19	"f"	"R"	22	8	6	0	383.0742
6002	3	1	19	"f"	"R"	23	20	11	0	242.6133
6002	3	1	19	"f"	"R"	24	1	1	0	268.0781
6003	3	2	18	"m"	"r"	1	20	11	0	92.8633
6003	3	2	18	"m"	"r"	2	2	2	0	598.5742
6003	3	2	18	"m"	"r"	3	11	8	0	88.3008
6003	3	2	18	"m"	"r"	4	15	11	12	0.29688
6003	3	2	18	"m"	"r"	5	12	7	8	535.5586
6003	3	2	18	"m"	"r"	6	14	10	0	599.7422
6003	3	2	18	"m"	"r"	7	10	7	0	1.9336
6003	3	2	18	"m"	"r"	8	21	12	0	123.7188
6003	3	2	18	"m"	"r"	9	24	16	0	310.9922
6003	3	2	18	"m"	"r"	10	8	6	0	598.4961
6003	3	2	18	"m"	"r"	11	19	9	10	157.25
6003	3	2	18	"m"	"r"	12	23	15	0	124.4062
6003	3	2	18	"m"	"r"	13	4	3	0	1.707
6003	3	2	18	"m"	"r"	14	3	1	2	0.26953
6003	3	2	18	"m"	"r"	15	1	1	0	599.0117
6003	3	2	18	"m"	"r"	16	17	14	0	0.089844
6003	3	2	18	"m"	"r"	17	5	4	0	0.35547
6003	3	2	18	"m"	"r"	18	22	13	14	143.7031
6003	3	2	18	"m"	"r"	19	16	13	0	63.3086
6003	3	2	18	"m"	"r"	20	7	5	0	580.8984
6003	3	2	18	"m"	"r"	21	6	3	4	597.1562
6003	3	2	18	"m"	"r"	22	18	15	16	599.6484
6003	3	2	18	"m"	"r"	23	9	5	6	0.60547
6003	3	2	18	"m"	"r"	24	13	9	0	599.9648
6005	3	2	25	"f"	"r"	1	8	6	0	422
6005	3	2	25	"f"	"r"	2	1	1	0	299
6005	3	2	25	"f"	"r"	3	5	4	0	239
6005	3	2	25	"f"	"r"	4	11	8	0	239
6005	3	2	25	"f"	"r"	5	17	14	0	113
6005	3	2	25	"f"	"r"	6	21	12	0	181
6005	3	2	25	"f"	"r"	7	10	7	0	241
6005	3	2	25	"f"	"r"	8	22	13	14	302
6005	3	2	25	"f"	"r"	9	19	9	10	298
6005	3	2	25	"f"	"r"	10	3	1	2	300
6005	3	2	25	"f"	"r"	11	23	15	0	239
6005	3	2	25	"f"	"r"	12	2	2	0	300
6005	3	2	25	"f"	"r"	13	12	7	8	181
6005	3	2	25	"f"	"r"	14	6	3	4	361
6005	3	2	25	"f"	"r"	15	7	5	0	298
6005	3	2	25	"f"	"r"	16	14	10	0	298
6005	3	2	25	"f"	"r"	17	16	13	0	298
6005	3	2	25	"f"	"r"	18	9	5	6	298
6005	3	2	25	"f"	"r"	19	18	15	16	298
6005	3	2	25	"f"	"r"	20	4	3	0	297
6005	3	2	25	"f"	"r"	21	15	11	12	297
6005	3	2	25	"f"	"r"	22	24	16	0	245
6005	3	2	25	"f"	"r"	23	20	11	0	295
6005	3	2	25	"f"	"r"	24	13	9	0	301
6006	2	1	19	"f"	"r"	1	17	14	0	3
6006	2	1	19	"f"	"r"	2	12	7	8	598
6006	2	1	19	"f"	"r"	3	14	10	0	598
6006	2	1	19	"f"	"r"	4	6	3	4	598
6006	2	1	19	"f"	"r"	5	11	8	0	1
6006	2	1	19	"f"	"r"	6	1	1	0	599
6006	2	1	19	"f"	"r"	7	5	4	0	60
6006	2	1	19	"f"	"r"	8	13	9	0	596
6006	2	1	19	"f"	"r"	9	10	7	0	1
6006	2	1	19	"f"	"r"	10	21	12	0	122
6006	2	1	19	"f"	"r"	11	2	2	0	599
6006	2	1	19	"f"	"r"	12	19	9	10	300
6006	2	1	19	"f"	"r"	13	23	15	0	11
6006	2	1	19	"f"	"r"	14	18	15	16	594
6006	2	1	19	"f"	"r"	15	20	11	0	298
6006	2	1	19	"f"	"r"	16	9	5	6	3
6006	2	1	19	"f"	"r"	17	22	13	14	303
6006	2	1	19	"f"	"r"	18	4	3	0	2
6006	2	1	19	"f"	"r"	19	7	5	0	597
6006	2	1	19	"f"	"r"	20	8	6	0	598
6006	2	1	19	"f"	"r"	21	24	16	0	3
6006	2	1	19	"f"	"r"	22	15	11	12	5
6006	2	1	19	"f"	"r"	23	16	13	0	6
6006	2	1	19	"f"	"r"	24	3	1	2	3
6007	3	2	22	"m"	"r"	1	17	14	0	0.46484
6007	3	2	22	"m"	"r"	2	22	13	14	480.0703
6007	3	2	22	"m"	"r"	3	24	16	0	120.2969
6007	3	2	22	"m"	"r"	4	16	13	0	0.86328
6007	3	2	22	"m"	"r"	5	7	5	0	599.3984
6007	3	2	22	"m"	"r"	6	6	3	4	599.8711
6007	3	2	22	"m"	"r"	7	21	12	0	419.0977
6007	3	2	22	"m"	"r"	8	10	7	0	3.0742
6007	3	2	22	"m"	"r"	9	19	9	10	60.6445
6007	3	2	22	"m"	"r"	10	13	9	0	596.9023
6007	3	2	22	"m"	"r"	11	9	5	6	1.043
6007	3	2	22	"m"	"r"	12	1	1	0	596.9375
6007	3	2	22	"m"	"r"	13	15	11	12	0.3125
6007	3	2	22	"m"	"r"	14	8	6	0	597.3789
6007	3	2	22	"m"	"r"	15	11	8	0	1.5781
6007	3	2	22	"m"	"r"	16	12	7	8	595.5859
6007	3	2	22	"m"	"r"	17	2	2	0	597.3477
6007	3	2	22	"m"	"r"	18	3	1	2	2.9883
6007	3	2	22	"m"	"r"	19	23	15	0	121.2578
6007	3	2	22	"m"	"r"	20	14	10	0	598.5664
6007	3	2	22	"m"	"r"	21	18	15	16	598.9766
6007	3	2	22	"m"	"r"	22	5	4	0	1.5
6007	3	2	22	"m"	"r"	23	4	3	0	0.59375
6007	3	2	22	"m"	"r"	24	20	11	0	418.6289
6008	2	1	18	"f"	"r"	1	2	2	0	598.4023
6008	2	1	18	"f"	"r"	2	20	11	0	62.7422
6008	2	1	18	"f"	"r"	3	6	3	4	595.4023
6008	2	1	18	"f"	"r"	4	13	9	0	598.5703
6008	2	1	18	"f"	"r"	5	16	13	0	3.0977
6008	2	1	18	"f"	"r"	6	14	10	0	595.9062
6008	2	1	18	"f"	"r"	7	1	1	0	596.0742
6008	2	1	18	"f"	"r"	8	24	16	0	60.4219
6008	2	1	18	"f"	"r"	9	22	13	14	383.4766
6008	2	1	18	"f"	"r"	10	23	15	0	123.3984
6008	2	1	18	"f"	"r"	11	19	9	10	9.6016
6008	2	1	18	"f"	"r"	12	15	11	12	7.4375
6008	2	1	18	"f"	"r"	13	12	7	8	493.9414
6008	2	1	18	"f"	"r"	14	8	6	0	598.4102
6008	2	1	18	"f"	"r"	15	3	1	2	8.4336
6008	2	1	18	"f"	"r"	16	10	7	0	54.4297
6008	2	1	18	"f"	"r"	17	4	3	0	14.2773
6008	2	1	18	"f"	"r"	18	11	8	0	15.2812
6008	2	1	18	"f"	"r"	19	5	4	0	3.6211
6008	2	1	18	"f"	"r"	20	9	5	6	8.7852
6008	2	1	18	"f"	"r"	21	7	5	0	585.4258
6008	2	1	18	"f"	"r"	22	17	14	0	4.7812
6008	2	1	18	"f"	"r"	23	21	12	0	288.3594
6008	2	1	18	"f"	"r"	24	18	15	16	598.2578
6009	3	2	18	"f"	"r"	1	2	2	0	238.168
6009	3	2	18	"f"	"r"	2	22	13	14	373.6953
6009	3	2	18	"f"	"r"	3	15	11	12	5.8516
6009	3	2	18	"f"	"r"	4	4	3	0	179.7188
6009	3	2	18	"f"	"r"	5	19	9	10	494.7188
6009	3	2	18	"f"	"r"	6	14	10	0	580.7148
6009	3	2	18	"f"	"r"	7	3	1	2	365.9766
6009	3	2	18	"f"	"r"	8	21	12	0	226.9883
6009	3	2	18	"f"	"r"	9	24	16	0	380.3281
6009	3	2	18	"f"	"r"	10	6	3	4	597.8555
6009	3	2	18	"f"	"r"	11	7	5	0	502.3789
6009	3	2	18	"f"	"r"	12	1	1	0	591.7344
6009	3	2	18	"f"	"r"	13	10	7	0	80.793
6009	3	2	18	"f"	"r"	14	13	9	0	578.0078
6009	3	2	18	"f"	"r"	15	17	14	0	95.7578
6009	3	2	18	"f"	"r"	16	12	7	8	121.9883
6009	3	2	18	"f"	"r"	17	18	15	16	597.5898
6009	3	2	18	"f"	"r"	18	8	6	0	588.9727
6009	3	2	18	"f"	"r"	19	23	15	0	301.1367
6009	3	2	18	"f"	"r"	20	9	5	6	421.8125
6009	3	2	18	"f"	"r"	21	16	13	0	142.5039
6009	3	2	18	"f"	"r"	22	11	8	0	139.0352
6009	3	2	18	"f"	"r"	23	5	4	0	62.5859
6009	3	2	18	"f"	"r"	24	20	11	0	2.4023
